0 0
1 8
2 4
3 5
4 6
5 7
6 6
7 7
8 7
9 8
10 8
11 9
12 8
13 9
14 9
15 9
16 8
17 10
18 9
19 10
20 9
21 10
22 10
23 11
24 10
25 10
26 10
27 11
28 11
29 11
30 10
31 11
32 11
33 11
34 11
35 12
36 11
37 12
38 12
39 12
40 12
41 12
42 12
43 12
44 12
45 13
46 13
47 13
48 12
49 13
50 13
51 13
52 13
53 13
54 12
55 14
56 13
57 13
58 13
59 13
60 13
61 14
62 14
63 13
64 14
65 14
66 14
67 14
68 14
69 14
70 14
71 15
72 14
73 15
74 14
75 15
76 14
77 14
78 14
79 15
80 15
81 15
82 15
83 15
84 14
85 15
86 15
87 15
88 15
89 15
90 15
91 16
92 15
93 15
94 16
95 16
96 15
97 16
98 16
99 16
100 16
101 16
102 16
103 16
104 16
105 16
106 16
107 16
108 16
109 17
110 16
111 16
112 16
113 16
114 16
115 17
116 17
117 17
118 17
119 17
120 16
121 17
122 17
123 17
124 17
125 17
126 17
127 17
128 16
129 17
130 17
131 17
132 17
133 18
134 17
135 17
136 17
137 17
138 17
139 18
140 17
141 18
142 18
143 18
144 17
145 18
146 18
147 18
148 18
149 18
150 18
151 18
152 18
153 18
154 18
155 18
156 18
157 18
158 18
159 18
160 18
161 19
162 18
163 19
164 18
165 19
166 18
167 19
168 19
169 19
170 18
171 18
172 18
173 19
174 19
175 19
176 19
177 19
178 19
179 19
180 18
181 19
182 19
183 19
184 19
185 19
186 19
187 19
188 19
189 19
190 19
191 19
192 19
193 20
194 19
195 19
196 19
197 20
198 20
199 20
200 19
201 20
202 20
203 20
204 20
205 20
206 20
207 20
208 20
209 20
210 20
211 20
212 20
213 20
214 20
215 20
216 20
217 20
218 20
219 20
220 20
221 20
222 20
223 20
224 20
225 21
226 20
227 21
228 20
229 20
230 20
231 20
232 20
233 21
234 21
235 21
236 21
237 21
238 21
239 21
240 20
241 21
242 21
243 21
244 21
245 21
246 21
247 21
248 21
249 21
250 20
251 21
252 21
253 21
254 21
255 21
256 21
257 22
258 21
259 21
260 21
261 21
262 21
263 21
264 21
265 21
266 21
267 21
268 22
269 22
270 21
271 22
272 22
273 22
274 22
275 21
276 22
277 22
278 22
279 22
280 22
281 22
282 22
283 22
284 22
285 22
286 22
287 22
288 22
289 22
290 22
291 22
292 22
293 22
294 22
295 22
296 22
297 22
298 22
299 22
300 22
301 22
302 22
303 22
304 22
305 23
306 22
307 23
308 22
309 23
310 22
311 23
312 22
313 23
314 23
315 23
316 23
317 23
318 22
319 22
320 22
321 23
322 23
323 23
324 23
325 23
326 23
327 23
328 23
329 23
330 22
331 23
332 23
333 23
334 23
335 23
336 23
337 23
338 23
339 23
340 23
341 23
342 23
343 23
344 23
345 23
346 23
347 23
348 23
349 23
350 23
351 23
352 23
353 24
354 23
355 23
356 24
357 24
358 24
359 24
360 23
361 24
362 24
363 24
364 24
365 24
366 24
367 24
368 24
369 24
370 24
371 24
372 24
373 24
374 24
375 24
376 24
377 24
378 24
379 24
380 24
381 24
382 24
383 24
384 24
385 24
386 24
387 24
388 24
389 24
390 24
391 25
392 24
393 24
394 24
395 24
396 24
397 24
398 24
399 24
400 24
401 25
402 24
403 25
404 25
405 25
406 24
407 24
408 24
409 24
410 24
411 25
412 25
413 25
414 25
415 25
416 25
417 25
418 25
419 25
420 24
421 25
422 25
423 25
424 25
425 25
426 25
427 25
428 25
429 25
430 25
431 25
432 24
433 25
434 25
435 25
436 25
437 25
438 25
439 25
440 25
441 25
442 25
443 25
444 25
445 25
446 25
447 25
448 25
449 25
450 25
451 26
452 25
453 25
454 25
455 25
456 25
457 25
458 25
459 26
460 26
461 26
462 25
463 26
464 26
465 26
466 26
467 26
468 25
469 26
470 26
471 26
472 26
473 26
474 26
475 26
476 26
477 26
478 26
479 26
480 26
481 26
482 26
483 26
484 26
485 26
486 26
487 26
488 26
489 26
490 26
491 26
492 26
493 26
494 26
495 26
496 26
497 26
498 26
499 26
500 26
501 26
502 26
503 26
504 26
505 26
506 26
507 26
508 26
509 26
510 26
511 26
512 26
513 26
514 27
515 27
516 26
517 27
518 26
519 27
520 26
521 27
522 26
523 27
524 26
525 27
526 27
527 27
528 27
529 27
530 27
531 27
532 26
533 26
534 26
535 27
536 27
537 27
538 27
539 27
540 27
541 27
542 27
543 27
544 27
545 27
546 26
547 27
548 27
549 27
550 27
551 27
552 27
553 27
554 27
555 27
556 27
557 27
558 27
559 27
560 27
561 27
562 27
563 27
564 27
565 27
566 27
567 27
568 27
569 27
570 27
571 27
572 27
573 27
574 27
575 27
576 27
577 28
578 27
579 28
580 28
581 27
582 27
583 28
584 28
585 28
586 28
587 28
588 27
589 28
590 28
591 28
592 28
593 28
594 28
595 28
596 28
597 28
598 28
599 28
600 28
601 28
602 28
603 28
604 28
605 28
606 28
607 28
608 28
609 28
610 28
611 28
612 28
613 28
614 28
615 28
616 28
617 28
618 28
619 28
620 28
621 28
622 28
623 28
624 28
625 28
626 28
627 28
628 28
629 28
630 28
631 28
632 28
633 28
634 28
635 28
636 28
637 29
638 28
639 28
640 28
641 28
642 28
643 28
644 28
645 28
646 28
647 28
648 28
649 29
650 28
651 29
652 29
653 29
654 29
655 29
656 28
657 28
658 28
659 28
660 28
661 29
662 29
663 29
664 29
665 29
666 29
667 29
668 29
669 29
670 29
671 29
672 28
673 29
674 29
675 29
676 29
677 29
678 29
679 29
680 29
681 29
682 29
683 29
684 29
685 29
686 28
687 29
688 29
689 29
690 29
691 29
692 29
693 29
694 29
695 29
696 29
697 29
698 29
699 29
700 29
701 29
702 29
703 29
704 29
705 29
706 29
707 29
708 29
709 29
710 29
711 29
712 29
713 29
714 29
715 29
716 29
717 29
718 29
719 29
720 29
721 29
722 29
723 29
724 30
725 30
726 30
727 30
728 29
729 30
730 30
731 30
732 30
733 30
734 30
735 29
736 30
737 30
738 30
739 30
740 30
741 30
742 30
743 30
744 30
745 30
746 30
747 30
748 30
749 30
750 30
751 30
752 30
753 30
754 30
755 30
756 30
757 30
758 30
759 30
760 30
761 30
762 30
763 30
764 30
765 30
766 30
767 30
768 30
769 30
770 30
771 30
772 30
773 30
774 30
775 30
776 30
777 30
778 30
779 30
780 30
781 30
782 30
783 30
784 30
785 30
786 30
787 30
788 30
789 30
790 30
791 30
792 30
793 30
794 30
795 30
796 30
797 30
798 30
799 30
800 30
801 30
802 31
803 31
804 30
805 31
806 30
807 31
808 30
809 31
810 30
811 31
812 30
813 31
814 30
815 31
816 31
817 31
818 31
819 31
820 31
821 31
822 31
823 31
824 30
825 30
826 30
827 31
828 31
829 31
830 31
831 31
832 31
833 31
834 31
835 31
836 31
837 31
838 31
839 31
840 30
841 31
842 31
843 31
844 31
845 31
846 31
847 31
848 31
849 31
850 31
851 31
852 31
853 31
854 31
855 31
856 31
857 31
858 31
859 31
860 31
861 31
862 31
863 31
864 31
865 31
866 31
867 31
868 31
869 31
870 31
871 31
872 31
873 31
874 31
875 31
876 31
877 31
878 31
879 31
880 31
881 31
882 31
883 32
884 31
885 32
886 32
887 32
888 31
889 31
890 32
891 32
892 32
893 32
894 32
895 32
896 31
897 32
898 32
899 32
900 32
901 32
902 32
903 32
904 32
905 32
906 32
907 32
908 32
909 32
910 32
911 32
912 32
913 32
914 32
915 32
916 32
917 32
918 32
919 32
920 32
921 32
922 32
923 32
924 32
925 32
926 32
927 32
928 32
929 32
930 32
931 32
932 32
933 32
934 32
935 32
936 32
937 32
938 32
939 32
940 32
941 32
942 32
943 32
944 32
945 32
946 32
947 32
948 32
949 32
950 32
951 32
952 32
953 32
954 32
955 32
956 32
957 32
958 32
959 32
960 32
961 32
962 32
963 32
964 32
965 32
966 32
967 33
968 32
969 32
970 32
971 33
972 32
973 32
974 32
975 32
976 32
977 32
978 32
979 32
980 32
981 33
982 32
983 33
984 33
985 33
986 33
987 33
988 33
989 33
990 32
991 32
992 32
993 32
994 32
995 33
996 33
997 33
998 33
999 33
1000 33
1001 33
1002 33
1003 33
1004 33
1005 33
1006 33
1007 33
1008 32
1009 33
1010 33
1011 33
1012 33
1013 33
1014 33
1015 33
1016 33
1017 33
1018 33
1019 33
1020 33
1021 33
1022 33
1023 33
1024 32
1025 33
1026 33
1027 33
1028 33
1029 33
1030 33
1031 33
1032 33
1033 33
1034 33
1035 33
1036 33
1037 33
1038 33
1039 33
1040 33
1041 33
1042 33
1043 33
1044 33
1045 33
1046 33
1047 33
1048 33
1049 33
1050 33
1051 33
1052 33
1053 33
1054 33
1055 33
1056 33
1057 33
1058 33
1059 33
1060 33
1061 34
1062 33
1063 33
1064 33
1065 33
1066 33
1067 33
1068 33
1069 34
1070 33
1071 33
1072 33
1073 33
1074 33
1075 34
1076 34
1077 34
1078 34
1079 34
1080 33
1081 34
1082 34
1083 34
1084 34
1085 34
1086 34
1087 34
1088 33
1089 34
1090 34
1091 34
1092 34
1093 34
1094 34
1095 34
1096 34
1097 34
1098 34
1099 34
1100 34
1101 34
1102 34
1103 34
1104 34
1105 34
1106 34
1107 34
1108 34
1109 34
1110 34
1111 34
1112 34
1113 34
1114 34
1115 34
1116 34
1117 34
1118 34
1119 34
1120 34
1121 34
1122 34
1123 34
1124 34
1125 34
1126 34
1127 34
1128 34
1129 34
1130 34
1131 34
1132 34
1133 34
1134 34
1135 34
1136 34
1137 34
1138 34
1139 34
1140 34
1141 34
1142 34
1143 34
1144 34
1145 34
1146 34
1147 34
1148 34
1149 34
1150 34
1151 34
1152 34
1153 34
1154 34
1155 34
1156 34
1157 34
1158 34
1159 34
1160 34
1161 34
1162 34
1163 34
1164 34
1165 34
1166 34
1167 34
1168 34
1169 34
1170 34
1171 34
1172 34
1173 34
1174 34
1175 34
1176 34
1177 34
1178 34
1179 34
1180 35
1181 35
1182 34
1183 35
1184 35
1185 35
1186 34
1187 35
1188 34
1189 35
1190 34
1191 35
1192 34
1193 35
1194 34
1195 35
1196 35
1197 35
1198 35
1199 35
1200 35
1201 35
1202 35
1203 35
1204 35
1205 35
1206 34
1207 34
1208 34
1209 35
1210 35
1211 35
1212 35
1213 35
1214 35
1215 35
1216 35
1217 35
1218 35
1219 35
1220 35
1221 35
1222 35
1223 35
1224 34
1225 35
1226 35
1227 35
1228 35
1229 35
1230 35
1231 35
1232 35
1233 35
1234 35
1235 35
1236 35
1237 35
1238 35
1239 35
1240 35
1241 35
1242 35
1243 35
1244 35
1245 35
1246 35
1247 35
1248 35
1249 35
1250 35
1251 35
1252 35
1253 35
1254 35
1255 35
1256 35
1257 35
1258 35
1259 35
1260 35
1261 35
1262 35
1263 35
1264 35
1265 35
1266 35
1267 35
1268 35
1269 35
1270 35
1271 35
1272 35
1273 35
1274 35
1275 35
1276 35
1277 35
1278 35
1279 35
1280 35
1281 36
1282 35
1283 36
1284 36
1285 36
1286 36
1287 35
1288 35
1289 36
1290 36
1291 36
1292 36
1293 36
1294 36
1295 36
1296 35
1297 36
1298 36
1299 36
1300 36
1301 36
1302 36
1303 36
1304 36
1305 36
1306 36
1307 36
1308 36
1309 36
1310 36
1311 36
1312 36
1313 36
1314 36
1315 36
1316 36
1317 36
1318 36
1319 36
1320 36
1321 36
1322 36
1323 36
1324 36
1325 36
1326 36
1327 36
1328 36
1329 36
1330 36
1331 36
1332 36
1333 36
1334 36
1335 36
1336 36
1337 36
1338 36
1339 36
1340 36
1341 36
1342 36
1343 36
1344 36
1345 36
1346 36
1347 36
1348 36
1349 36
1350 36
1351 36
1352 36
1353 36
1354 36
1355 36
1356 36
1357 36
1358 36
1359 36
1360 36
1361 36
1362 36
1363 36
1364 36
1365 36
1366 36
1367 36
1368 36
1369 36
1370 36
1371 36
1372 36
1373 36
1374 36
1375 36
1376 36
1377 36
1378 36
1379 36
1380 36
1381 36
1382 36
1383 36
1384 36
1385 36
1386 36
1387 36
1388 36
1389 36
1390 36
1391 36
1392 36
1393 37
1394 36
1395 36
1396 37
1397 37
1398 36
1399 37
1400 36
1401 36
1402 36
1403 36
1404 36
1405 36
1406 36
1407 36
1408 36
1409 37
1410 36
1411 37
1412 37
1413 37
1414 37
1415 37
1416 37
1417 37
1418 37
1419 37
1420 36
1421 36
1422 36
1423 36
1424 36
1425 37
1426 37
1427 37
1428 37
1429 37
1430 37
1431 37
1432 37
1433 37
1434 37
1435 37
1436 37
1437 37
1438 37
1439 37
1440 36
1441 37
1442 37
1443 37
1444 37
1445 37
1446 37
1447 37
1448 37
1449 37
1450 37
1451 37
1452 37
1453 37
1454 37
1455 37
1456 37
1457 37
1458 36
1459 37
1460 37
1461 37
1462 37
1463 37
1464 37
1465 37
1466 37
1467 37
1468 37
1469 37
1470 37
1471 37
1472 37
1473 37
1474 37
1475 37
1476 37
1477 37
1478 37
1479 37
1480 37
1481 37
1482 37
1483 37
1484 37
1485 37
1486 37
1487 37
1488 37
1489 37
1490 37
1491 37
1492 37
1493 37
1494 37
1495 37
1496 37
1497 37
1498 37
1499 37
1500 37
1501 37
1502 37
1503 37
1504 37
1505 37
1506 37
1507 37
1508 37
1509 37
1510 37
1511 37
1512 37
1513 38
1514 37
1515 37
1516 37
1517 38
1518 37
1519 38
1520 37
1521 37
1522 37
1523 37
1524 38
1525 38
1526 38
1527 38
1528 38
1529 38
1530 37
1531 38
1532 38
1533 38
1534 38
1535 38
1536 38
1537 38
1538 38
1539 37
1540 38
1541 38
1542 38
1543 38
1544 38
1545 38
1546 38
1547 38
1548 38
1549 38
1550 38
1551 38
1552 38
1553 38
1554 38
1555 38
1556 38
1557 38
1558 38
1559 38
1560 38
1561 38
1562 38
1563 38
1564 38
1565 38
1566 38
1567 38
1568 38
1569 38
1570 38
1571 38
1572 38
1573 38
1574 38
1575 38
1576 38
1577 38
1578 38
1579 38
1580 38
1581 38
1582 38
1583 38
1584 38
1585 38
1586 38
1587 38
1588 38
1589 38
1590 38
1591 38
1592 38
1593 38
1594 38
1595 38
1596 38
1597 38
1598 38
1599 38
1600 38
1601 38
1602 38
1603 38
1604 38
1605 38
1606 38
1607 38
1608 38
1609 38
1610 38
1611 38
1612 38
1613 38
1614 38
1615 38
1616 38
1617 38
1618 38
1619 38
1620 38
1621 38
1622 38
1623 38
1624 38
1625 38
1626 38
1627 38
1628 38
1629 38
1630 38
1631 38
1632 38
1633 38
1634 38
1635 38
1636 38
1637 38
1638 38
1639 38
1640 38
1641 38
1642 38
1643 38
1644 38
1645 39
1646 38
1647 38
1648 38
1649 38
1650 38
1651 38
1652 38
1653 38
1654 38
1655 38
1656 38
1657 38
1658 38
1659 38
1660 39
1661 39
1662 38
1663 39
1664 39
1665 39
1666 39
1667 39
1668 38
1669 39
1670 38
1671 39
1672 38
1673 39
1674 38
1675 39
1676 38
1677 39
1678 39
1679 39
1680 39
1681 39
1682 39
1683 39
1684 39
1685 39
1686 39
1687 39
1688 39
1689 39
1690 38
1691 38
1692 38
1693 39
1694 39
1695 39
1696 39
1697 39
1698 39
1699 39
1700 39
1701 39
1702 39
1703 39
1704 39
1705 39
1706 39
1707 39
1708 39
1709 39
1710 38
1711 39
1712 39
1713 39
1714 39
1715 39
1716 39
1717 39
1718 39
1719 39
1720 39
1721 39
1722 39
1723 39
1724 39
1725 39
1726 39
1727 39
1728 39
1729 39
1730 39
1731 39
1732 39
1733 39
1734 39
1735 39
1736 39
1737 39
1738 39
1739 39
1740 39
1741 39
1742 39
1743 39
1744 39
1745 39
1746 39
1747 39
1748 39
1749 39
1750 39
1751 39
1752 39
1753 39
1754 39
1755 39
1756 39
1757 39
1758 39
1759 39
1760 39
1761 39
1762 39
1763 39
1764 39
1765 39
1766 39
1767 39
1768 39
1769 39
1770 39
1771 39
1772 39
1773 39
1774 39
1775 39
1776 39
1777 40
1778 40
1779 39
1780 39
1781 39
1782 39
1783 40
1784 39
1785 40
1786 40
1787 40
1788 40
1789 40
1790 39
1791 39
1792 40
1793 40
1794 40
1795 40
1796 40
1797 40
1798 40
1799 40
1800 39
1801 40
1802 40
1803 40
1804 40
1805 40
1806 40
1807 40
1808 40
1809 40
1810 40
1811 40
1812 40
1813 40
1814 40
1815 40
1816 40
1817 40
1818 40
1819 40
1820 40
1821 40
1822 40
1823 40
1824 40
1825 40
1826 40
1827 40
1828 40
1829 40
1830 40
1831 40
1832 40
1833 40
1834 40
1835 40
1836 40
1837 40
1838 40
1839 40
1840 40
1841 40
1842 40
1843 40
1844 40
1845 40
1846 40
1847 40
1848 40
1849 40
1850 40
1851 40
1852 40
1853 40
1854 40
1855 40
1856 40
1857 40
1858 40
1859 40
1860 40
1861 40
1862 40
1863 40
1864 40
1865 40
1866 40
1867 40
1868 40
1869 40
1870 40
1871 40
1872 40
1873 40
1874 40
1875 40
1876 40
1877 40
1878 40
1879 40
1880 40
1881 40
1882 40
1883 40
1884 40
1885 40
1886 40
1887 40
1888 40
1889 40
1890 40
1891 40
1892 40
1893 40
1894 40
1895 40
1896 40
1897 40
1898 40
1899 40
1900 40
1901 40
1902 40
1903 40
1904 40
1905 40
1906 40
1907 40
1908 40
1909 40
1910 40
1911 40
1912 40